1
33 49 112
21 38 75 68 3 30 41 37 45 31 23 83 7 15 46 22 20 100 11 20 67 8 64 20 24 47 17 11 99 10 96 52 63 86 75 80 56 95 3 56 29 49 64 40 31 3 97 7 25
22 45 43 49 63 76 21 30 74 65 70 37 31 50 10 68 94 56 68 58 72 91 33 13 42 16 71 43 4 6 71 53 84 39 49 48 84 16 3 71 71 30 79 34 12 85 68 36 71
41 34 46 71 46 43 10 79 78 34 25 40 5 77 98 52 96 5 97 49 21 47 16 44 84 29 10 43 100 33 50 45 72 98 17 5 46 30 20 52 48 3 30 29 55 46 79 7 58
98 86 53 56 44 23 1 13 51 5 3 18 39 66 24 44 58 32 79 90 45 31 94 64 75 88 21 40 50 44 25 37 6 71 13 6 45 42 84 71 46 92 7 85 50 31 71 60 71
27 98 5 8 42 16 63 17 26 70 74 30 98 64 95 95 6 84 98 36 57 15 52 38 15 94 97 97 21 23 10 67 61 8 80 96 11 71 72 29 23 25 51 44 57 91 29 42 98
13 49 37 43 75 88 51 55 26 57 30 12 11 79 82 85 50 27 54 27 44 12 36 81 43 1 29 29 23 91 80 92 11 34 30 51 6 80 14 16 21 47 98 69 30 74 15 39 53
59 35 6 66 45 2 34 40 83 2 16 99 35 73 76 50 85 5 20 36 37 88 39 5 34 63 64 15 84 16 68 39 7 64 17 51 26 74 65 49 5 73 43 76 79 10 14 89 11
40 11 35 59 20 38 94 97 21 15 49 56 95 69 64 45 20 28 66 98 43 62 20 54 92 14 50 2 27 3 19 44 96 67 86 33 19 69 99 77 68 55 99 6 53 59 76 55 52
79 12 97 37 94 32 70 17 87 97 60 57 54 42 11 45 98 89 55 62 13 53 58 75 20 71 42 45 72 4 8 20 79 45 95 41 9 37 31 9 84 49 33 100 3 64 30 22 94
90 86 23 93 69 66 95 73 97 29 65 76 63 74 49 32 13 55 29 62 28 69 50 15 87 86 17 38 23 30 94 58 28 18 22 9 19 99 98 35 36 60 52 20 97 54 26 79 17
26 37 66 31 12 85 33 60 70 60 59 33 98 66 65 17 79 7 5 37 80 23 60 14 69 27 1 37 38 5 76 7 47 50 67 21 44 93 14 35 34 10 60 62 51 5 50 42 56
55 54 50 30 64 24 77 58 51 62 87 94 51 90 87 89 20 44 67 1 82 62 59 71 55 36 27 32 86 17 91 44 1 73 34 76 71 39 79 53 11 7 33 70 96 20 64 14 5
38 95 82 4 34 65 84 83 15 21 30 73 73 2 20 93 64 91 75 85 99 84 84 31 50 85 32 33 48 4 64 35 99 86 90 3 100 84 84 9 14 56 26 14 91 43 42 66 71
57 66 95 41 2 94 99 84 31 20 24 8 27 70 3 65 88 95 81 15 95 1 15 22 45 66 70 95 14 75 51 74 28 50 14 41 46 64 37 73 28 35 40 88 18 93 81 61 60
31 93 30 92 33 29 9 92 56 63 65 69 39 97 1 20 93 94 31 18 72 78 73 10 44 22 50 65 81 61 27 41 99 66 15 84 9 17 56 21 85 50 80 73 83 28 64 44 48
47 35 13 76 77 78 26 16 70 77 27 58 21 65 42 20 41 18 10 89 8 10 21 66 26 74 76 86 22 27 11 13 12 41 51 13 46 88 2 81 55 49 22 39 11 19 59 89 46
39 90 72 40 73 22 15 49 19 15 80 10 88 65 7 27 90 42 35 17 5 22 11 57 37 37 61 77 74 22 73 84 39 90 51 29 1 95 39 85 43 41 98 9 100 38 72 42 94
60 63 19 49 45 31 27 29 75 47 96 81 56 20 57 65 21 70 72 42 70 66 91 55 70 52 74 1 24 98 48 75 56 66 93 8 38 54 73 75 10 97 41 10 79 3 8 8 58
24 63 90 90 81 9 15 60 29 71 87 90 81 30 35 92 68 25 5 37 36 78 63 85 91 78 25 14 83 90 77 87 77 46 68 82 6 93 12 15 17 90 89 3 96 56 44 95 81
7 91 34 62 32 12 18 37 73 84 34 99 57 7 73 99 80 38 54 93 60 78 7 53 63 98 85 99 74 57 41 56 18 68 87 53 95 1 50 21 41 66 31 85 89 87 57 42 41
26 24 43 62 23 30 99 25 95 94 60 54 60 66 65 37 29 57 4 89 11 99 4 5 20 5 6 29 13 75 28 45 88 62 56 92 94 78 40 88 18 25 9 33 31 95 8 73 35
69 37 7 100 58 28 93 45 81 26 58 67 7 66 88 85 69 98 4 60 46 8 47 48 47 15 5 32 2 43 31 1 98 89 50 3 6 53 46 87 55 98 84 23 42 1 25 93 70
3 62 24 54 35 4 28 49 93 24 31 92 42 92 21 78 17 94 50 43 22 68 64 59 77 63 76 78 76 66 36 43 87 22 59 2 21 26 93 27 24 35 35 10 69 22 14 41 36
71 17 63 45 83 22 52 63 43 91 39 30 93 41 65 100 25 63 45 38 21 40 85 15 31 65 73 89 8 86 76 73 88 1 33 13 32 7 40 60 34 88 24 10 13 22 85 96 26
51 97 54 39 15 65 70 35 42 27 96 18 35 18 55 60 10 17 31 84 66 18 74 97 44 75 22 26 87 23 26 41 60 53 79 6 23 5 97 4 5 34 70 86 62 54 16 75 94
8 85 83 74 32 23 70 21 72 90 25 67 95 63 28 88 44 44 72 70 12 34 64 52 73 57 17 19 65 29 82 89 93 25 6 84 81 75 5 21 55 58 15 79 59 47 79 52 14
98 90 28 75 98 63 8 80 75 28 80 79 67 2 90 48 77 58 4 24 20 41 65 68 2 62 1 90 54 52 73 21 29 22 15 90 70 55 16 1 45 2 33 68 85 64 47 44 83
89 97 31 52 97 95 31 74 63 87 80 95 16 89 61 20 65 20 15 89 3 53 78 44 76 1 49 30 74 92 92 60 31 8 45 89 91 7 34 73 46 91 56 39 32 87 25 20 5
32 49 87 14 69 55 89 47 87 25 76 95 84 5 86 68 13 75 13 82 2 59 35 89 30 38 51 46 64 71 41 93 6 42 36 94 60 11 40 12 43 45 78 63 81 88 14 21 95
14 32 43 65 21 51 69 65 2 74 19 15 28 85 51 56 17 27 28 54 19 32 22 65 91 61 28 40 49 9 71 48 82 70 48 70 47 15 33 7 85 16 77 40 21 96 2 61 32
74 88 28 29 31 68 10 87 25 9 38 44 9 93 98 93 87 98 10 61 84 94 47 9 78 83 79 24 26 17 9 54 39 64 52 74 11 93 45 37 79 88 21 36 10 25 59 45 12
61 49 14 77 57 20 26 94 40 78 39 44 98 57 68 87 18 54 4 64 21 15 85 4 21 76 87 80 59 5 42 14 43 100 21 92 60 79 92 9 14 64 90 53 81 21 5 61 71
10 45 30 25 37 100 30 72 28 69 98 56 73 30 87 78 34 38 48 51 8 69 68 86 66 59 44 62 90 96 87 4 66 82 50 1 18 90 51 83 65 9 9 86 87 71 68 51 2
100 100 100 100 100 100 100 100 100 100 100 100 100 100 100 100 100 100 100 39 100 100 100 100 100 100 100 100 100 100 100 100 100 100 100 100 100 100 100 100 100 100 100 100 100 100 100 100 100 100 100 100 100 100 100 100 100 100 100 100 100 100 100 100 100 100 100 100 100 100 100 100 100 100 100 100 100 100 100 100 100 100 100 100 100 100 100 100 100 100 100 100 100 100 100 100 100 100 100 100 100 33 100 100 100 83 100 100 100 100 100 100